18 0.2375 0.3734375 0.0765625 0.05390625
18 0.28828125 0.44921875 0.0828125 0.06875
18 0.3375 0.3984375 0.09140625 0.090625
14 0.40625 0.1421875 0.51328125 0.2546875
14 0.92578125 0.11171875 0.1484375 0.2234375
14 0.96328125 0.50625 0.07265625 0.1890625
14 0.78671875 0.49296875 0.16796875 0.209375
14 0.071875 0.62421875 0.14375 0.14765625
14 0.553125 0.6796875 0.2515625 0.11640625
14 0.2265625 0.7109375 0.178125 0.10546875
14 0.36875 0.77421875 0.1375 0.09296875
14 0.55859375 0.8390625 0.14765625 0.0828125
14 0.640625 0.73125 0.12109375 0.0765625
14 0.6671875 0.753125 0.13984375 0.07578125
14 0.7125 0.80390625 0.13515625 0.06640625
14 0.5984375 0.88828125 0.07109375 0.04453125